nan
nan
nan
nan
nan
nan
nan
nan
nan
nan
nan
nan
nan
nan
nan
8.792600259337245
8.317011511442502
8.902025757351005
13.283294160220445
13.318072703827061
13.231100895474542
19.727988348802523
21.80617343184993
18.462937365602944
23.077388902985103
22.64588062054126
23.97792973536587
28.726797540163094
26.111587864006143
27.11629702035315
9.192410265433233
8.915869001200337
9.100315686303961
13.547165164369426
13.335965398867598
13.335965398867598
18.84829679249676
18.69955422506106
18.583673274788957
23.040845136311663
22.192612241535308
24.44762086603628
29.734140432003336
30.62737780949831
28.9267598083349
10.012271426674813
9.430978479019153
8.751697048094812
13.84331144948239
14.50556551054858
13.84331144948239
18.019290085216955
17.95074766677713
18.888284894114925
27.544567829052742
27.51445800099846
29.36934871500581
28.737452241086277
29.07625039150992
29.23762815271065
9.259532628605635
9.64577403969359
9.87682848550142
15.375914434838647
15.303182524815067
14.755859322393823
19.218000471550184
19.686465080452464
18.851826806852653
23.866781199192975
23.686051126477153
25.329138711639185
29.812954111925393
28.120140638379194
31.607802125373475
9.962436070427046
10.878030481965627
9.55073067632482
14.084775363995204
14.00962329557815
14.272399650848245
19.182318936382863
19.25333299190524
19.022323465384773
24.29606042989652
24.112412680092582
25.928986043669518
28.271760558588866
29.165256575184184
28.382127850048253
10.00195630344092
9.962319583554274
9.585032782009339
nan
nan
nan
nan
nan
nan
nan
nan
nan
nan
nan
nan
nan
nan
nan
nan
nan
nan
nan
nan
nan
nan
nan
nan
nan
nan
nan
7.954181358475475
8.333125299817883
7.502557210720232
12.162098872956854
11.362120650369027
12.558505046409955
18.445092474422108
17.615674281851565
18.373470764626735
22.9934973460422
22.22609271185941
22.67715038868759
25.801194485216275
26.22563272146786
26.456079298224456
7.581063354048357
7.537323979148893
8.031599151283194
12.773761533035144
12.433683826394041
13.395049418452688
18.319015303438608
18.045465340883602
17.052288275944093
22.183219537623618
21.859509405672416
21.638630832947687
28.098145701698137
27.08199299471881
26.802954323517078
7.021842700756275
6.818409059662328
6.677284242508972
12.475921001135465
12.767073851250371
13.44673222634622
15.279366541353735
15.377436017758791
15.642910685362283
20.2171132345381
20.23007397038936
20.44996425955645
25.382799995643445
24.421242361841717
26.325394182277602
8.117617442599004
7.574456160997941
8.371115393607163
13.148914527624765
13.340218080889446
13.021127160258564
17.464466819183627
20.50549695137458
18.378878399355717
22.42599625389982
21.565315191739433
22.060579933827672
30.30426064214854
26.645119568201125
26.318334400664458
9.738316573091417
8.863282913595258
9.338233705663912
14.06505523335289
14.099682333286102
14.01308903555513
20.062333321757727
19.31840243760124
19.610364236424672
23.074165285646554
23.397726498027396
22.98144330766853
26.020872912606755
29.02125924821803
27.88470520208141
9.672004613127777
9.511986246410874
10.015277478088072
nan
nan
nan
nan
nan
nan
nan
nan
nan
nan
nan
nan
7.277825454096586
7.238809859730871
7.147687721737101
13.16531563029572
12.65392164715781
13.295409687234958
18.416832747151755
17.54221752728718
18.21311915983226
22.44187214102959
23.03103781137505
22.089890054098063
27.799427613850707
27.491560388459618
27.48319310201915
8.13655347552495
7.897261904546255
8.269139920549428
13.009733963039427
12.935830114729958
12.861835413572686
17.3346786465107
18.226502085280707
17.27770415012403
21.511409839240226
22.080803676218757
21.03986385145178
27.05994786097915
27.310355619466854
28.72880147547456
8.569607636158935
8.696920427882269
9.063489565965718
13.663488555947158
12.482038671376129
12.816057599055334
17.476666810338
17.710853148454184
17.241509841334846
22.337138609304432
21.646289828723457
22.145612566283205
26.50738432189448
26.200250343461075
26.384821113168744
9.009083851938595
8.757649160972232
8.48966837295241
12.9586993141077
13.078014212692416
13.063110224704575
18.55450512498932
17.485411019114007
18.746997742496212
23.116081649755497
21.943506722836627
21.682507801366807
26.163034849624665
26.558127259045005
26.13898611176182
9.051797421560243
8.981714324433078
9.191806351695877
14.42271055625044
13.810748623059316
13.97658604547182
18.93948654964735
19.265418546363033
19.21894529361327
23.195715214401115
23.51680535535416
23.10786996375167
28.932354201489662
28.732718532443638
28.919068091237236
3.8222279988487573
3.8340633230022774
3.7748652815063006
13.696534183243854
13.844631964754816
13.369022542232178
17.372325456969367
17.87622178303867
17.777772310588134
26.550002794366552
26.300053752190387
26.10722214360978
28.40288875898422
28.027027950579328
28.278546476970742
4.855000045075329
4.4924839591521915
4.516713602450183
15.156013682377614
13.478632982827346
14.360414445720862
17.87410437312203
18.11677674436084
18.459541431896945
25.137925223927645
25.30133652920579
24.77767721277019
27.550552581869
27.422887702396427
27.422887702396427
5.600730848007604
5.510809306648702
5.523662347263575
13.659043193145092
13.150260958111001
13.19568028002712
17.1701917411
17.044166609797262
16.344931323775022
23.54057138232281
23.700999779639382
23.75430536483748
28.452058567746683
27.626096523696216
28.564590381787006
6.248483161726411
5.758782324291654
6.277193738816688
14.45028328011264
13.018110616421065
13.5638518060387
18.68143815270145
18.467811907687356
17.39893684723437
22.893380904357834
22.08236991141923
24.0827014890333
26.40333451309221
27.773034157568894
26.11312028586565
7.915926600435997
8.672693258650344
8.528295409809202
14.35315577493534
13.21011808183604
13.421984518436403
17.421123012310847
17.57816594236149
17.29236233411269
23.28880980541831
20.940928484566758
23.677406010596332
27.161551362088943
25.914959910845486
25.766242431061038
8.095246637507156
8.0517901494792
7.921159118531395
14.038736745169833
14.090482020439529
14.43570172729575
20.400418664680274
20.627226677766362
21.143770906391495
25.624801860407477
25.741304403513073
25.74503464959938
29.281413847769215
29.405711412393927
29.421540746761035
7.705574905040407
8.005181411561086
7.950853466441146
13.086453045624534
12.782161476237949
12.97464836787112
19.398937057281817
18.757551418814266
20.838761569394965
24.96508491114363
24.405298040367615
26.16628699562486
28.9052739389947
30.49323687342952
27.491905794617068
7.336781076690267
7.2968420437488515
7.326799225127973
11.795623780052852
12.139036727124124
12.003813252261093
17.339021384518574
16.804081536875046
16.653011473177198
22.202085349671627
22.065551854294043
26.04725180374628
26.452493785090724
25.963704764060097
27.786890060257168
7.184070446188476
7.539124979560068
7.321760459860763
10.866451374692568
10.930988375299078
11.540159482084633
14.887531923126646
16.234433896853357
14.89744203074412
18.26807258086541
20.111931911235065
20.534671447256443
22.22189957859611
22.865416508694306
23.440401083024057
7.157110252436877
7.699744139941201
7.1707258458186445
11.486215194451827
11.626642090409518
11.460649867420987
14.79547274879949
14.952576985097778
14.27274876628613
20.375534823193853
19.752273962158654
19.376557794348187
22.775412131770963
23.03167987644417
23.07253475255284
